-1.242417
-0.794947
-0.875368
-0.858479
-0.533871
-0.521992
-0.514917
-0.394644
-0.566770
-0.174066
-0.615613
-0.571120
-0.376650
-0.466408
-0.188925
-0.673371
-0.203228
-0.784130
-0.302245
-0.990485
-0.465836
0.069208
-0.539045
-0.702959
-0.664591
-0.372200
-0.066278
-0.383568
-0.346427
0.089355
-0.245620
-0.157475
-0.356165
-0.311070
-0.112179
-0.493594
-0.102950
-0.329542
-0.186518
-0.421698
-0.041947
0.081403
-0.035213
-0.327993
0.055732
-0.205958
-0.160046
-0.058351
-0.474273
-0.045331
0.263392
0.151521
0.615297
-0.144652
0.348762
0.397332
0.186999
0.368567
-0.455866
0.450634
0.102580
0.215189
0.348750
0.209230
-0.126544
0.182164
0.362825
-0.184721
0.551838
0.040992
0.162736
1.167810
0.221510
0.068626
0.245266
0.018871
0.358060
0.137978
0.125401
0.210954
0.719900
0.612486
0.297276
0.374370
0.436636
0.690258
-0.015651
-0.049517
0.612451
0.291209
0.371446
0.074743
0.650464
0.132139
-0.210786
0.190045
0.079418
0.691400
0.245407
0.336670
0.207680
0.276472
0.453066
0.715522
0.574144
0.363444
0.085522
0.170961
0.967047
0.463232
0.370331
-0.070862
0.220929
0.251252
-0.585292
0.273700
0.297307
0.120168
0.579784
-0.346799
0.314521
0.330295
0.321678
0.181660
-0.221599
0.120335
-0.223771
-0.317032
