-0.619810
-0.602382
-0.694758
-0.447104
-0.424142
-0.421288
-0.514176
-0.439747
-0.358873
-0.341143
-0.523059
-0.163559
-0.354741
-0.618408
-0.320199
-0.291946
-0.443899
-0.614308
-0.484257
-0.502002
-0.567879
-0.304368
-0.450248
-0.385537
-0.404978
-0.353292
-0.548930
-0.264751
-0.444328
-0.122510
-0.316709
-0.321349
-0.299254
-0.340199
-0.054351
-0.309758
-0.253948
-0.041912
-0.311718
-0.098192
-0.189745
-0.207486
-0.189004
-0.003493
-0.078405
-0.146046
-0.201126
0.018542
0.051689
-0.102339
-0.008456
-0.093260
0.337563
-0.122657
-0.014941
0.222439
0.092031
0.182573
-0.117588
0.273758
0.133468
0.012375
0.116867
0.165296
0.245630
0.054224
0.306781
0.038074
0.399113
-0.148079
0.462402
25.729638
1.405971
-0.196391
-0.010703
0.264420
0.366792
0.061976
-0.385267
0.664441
0.227556
0.138853
0.234417
0.201637
0.379832
0.329649
0.174548
0.268945
0.392689
-0.025663
0.364440
0.279435
0.346835
0.336824
0.108356
0.236222
0.268068
0.265948
0.417307
0.270637
0.309608
0.362352
0.377204
0.473731
0.273253
0.279522
0.230448
0.225921
0.486571
0.068568
0.284405
0.281954
0.261836
0.376163
-0.135742
0.344580
0.230421
0.288008
0.147180
0.118394
0.471414
0.229323
0.156888
0.089685
0.164845
0.045322
-0.039937
0.094143
