-0.271178
-0.524454
-0.627855
-0.613776
-0.615894
-0.562033
-0.682971
-0.648351
-0.573809
-0.331044
-0.525975
-0.556179
-0.554408
-0.660384
-0.616807
-0.275983
-0.546766
-0.587379
-0.471262
-0.720813
-0.550887
-0.322429
-0.598158
-0.544187
-0.623787
-0.515321
-0.581948
-0.363798
-0.700027
-0.311428
-0.578454
-0.504204
-0.527929
-0.468099
-0.334139
-0.234810
-0.330725
-0.270659
-0.381491
-0.258092
-0.273780
-0.192386
-0.201069
-0.204303
-0.289125
-0.248941
-0.225011
-0.046498
-0.276927
-0.311179
-0.015419
-0.179198
-0.069999
-0.221528
-0.179788
0.073523
-0.267643
0.137694
-0.179623
0.191801
0.001655
-0.028774
0.066989
0.076408
0.152669
-0.075622
0.361552
0.131967
0.376873
0.222600
9.036631
62.765831
11.590664
0.735738
0.349838
0.124613
0.144021
-0.192653
0.249213
-0.210727
0.295413
0.118905
-0.113310
0.062805
0.229846
0.017942
-0.032341
-0.083608
0.148851
-0.133398
0.139770
0.035671
-0.044927
0.091972
-0.000550
-0.129545
0.063312
0.043020
-0.034225
0.084893
-0.032205
0.057583
0.153356
0.004265
0.054439
0.026811
-0.018479
-0.101879
0.134936
-0.149239
-0.019237
0.064131
-0.046892
-0.085428
-0.239678
0.021869
-0.125196
0.002165
-0.291553
0.088490
0.042868
-0.141324
0.026948
-0.168154
-0.088004
-0.176367
-0.075058
0.153955
