-0.227838
-0.584564
-0.541092
-0.589981
-0.618164
-0.536265
-0.614219
-0.473841
-0.623959
-0.349402
-0.538031
-0.486610
-0.568623
-0.700536
-0.471153
-0.408995
-0.460159
-0.440713
-0.599269
-0.633167
-0.641930
-0.348588
-0.619470
-0.535489
-0.575143
-0.466350
-0.465180
-0.402940
-0.553542
-0.260685
-0.449826
-0.525368
-0.545103
-0.585228
-0.295250
-0.298924
-0.326087
-0.260911
-0.455693
-0.306197
-0.422759
-0.238651
-0.254348
-0.245418
-0.206369
-0.396134
-0.190288
-0.096681
-0.272925
-0.212654
-0.024797
-0.237365
-0.104246
-0.147888
-0.225918
0.104347
-0.291832
-0.001295
-0.096604
0.230589
-0.109690
0.038003
0.149579
-0.015855
-0.019135
0.021013
0.216493
0.068824
0.350577
0.244346
9.118263
63.437539
11.635694
0.770737
0.172842
0.215521
0.040948
-0.178960
0.181036
-0.262024
0.343925
0.192574
-0.124584
0.021509
0.120524
0.128626
-0.114136
-0.022046
0.152552
-0.143694
0.146320
0.043366
0.017759
0.202678
-0.009576
-0.070932
0.160946
0.032817
0.062354
-0.034214
-0.114311
0.010278
0.070294
0.047830
0.058263
-0.040337
0.017086
-0.100006
0.222500
-0.095629
-0.136419
0.078749
0.141672
-0.010733
-0.216932
-0.026308
0.070353
-0.064013
-0.259701
-0.197598
0.189395
-0.246567
-0.111225
-0.092502
-0.152330
-0.100814
-0.124248
0.154017
