-0.131408
-0.569642
-0.716103
-0.793137
-0.749186
-0.620408
-0.577593
-0.582926
-0.616182
-0.337432
-0.462366
-0.542625
-0.538887
-0.685888
-0.426296
-0.389210
-0.599282
-0.544822
-0.630466
-0.652249
-0.728127
-0.336810
-0.560624
-0.642584
-0.582251
-0.429630
-0.666241
-0.369133
-0.553669
-0.457640
-0.575014
-0.475751
-0.415545
-0.339540
-0.294420
-0.442025
-0.358206
-0.282048
-0.426881
-0.223571
-0.245153
-0.233847
-0.275492
-0.151754
-0.172726
-0.260313
-0.220502
-0.152839
0.116303
-0.340619
-0.085883
-0.151714
-0.097410
-0.428878
-0.162277
0.038041
-0.343070
0.154385
0.412443
0.128405
-0.142741
-0.050129
0.074406
-0.023858
0.364075
-0.172002
0.401155
0.014739
0.340496
0.232207
9.261507
64.440530
11.821827
0.765346
0.196496
0.154142
0.101589
-0.285130
0.112873
-0.337292
0.288775
0.113415
-0.024990
0.040189
0.174430
0.134221
0.432943
-0.080119
0.059390
-0.188016
0.097105
-0.070760
0.148475
0.139417
0.467406
-0.004184
0.137728
-0.002348
0.000107
-0.014636
0.010258
0.105068
0.079940
0.022764
-0.010032
-0.023648
-0.225689
-0.253165
0.145492
-0.102808
-0.035833
-0.047240
-0.041469
-0.151951
-0.307135
-0.041570
-0.163685
-0.079299
-0.180009
-0.109772
0.050310
-0.166766
-0.094408
-0.028609
-0.170353
-0.138098
-0.174369
0.252533
