-0.162718
-0.619847
-0.566317
-0.623307
-0.752282
-0.598555
-0.598571
-0.619988
-0.823047
-0.416725
-0.576323
-0.668709
-0.493123
-0.537995
-0.522509
-0.385504
-0.555436
-0.657848
-0.663595
-0.649348
-0.608313
-0.424028
-0.663635
-0.675720
-0.587382
-0.516777
-0.532479
-0.409370
-0.722626
-0.379073
-0.526145
-0.515776
-0.578564
-0.478802
-0.374821
-0.534275
-0.375479
-0.318494
-0.352306
-0.295844
-0.248627
-0.289293
-0.268956
-0.171189
-0.320940
-0.194919
-0.314860
-0.186338
0.093674
-0.341066
-0.144425
-0.100278
-0.100093
-0.317378
-0.120799
-0.003544
-0.372488
0.158492
0.327752
0.130584
-0.095387
-0.040821
0.074645
0.051227
0.288323
-0.114704
0.352146
0.042893
0.332437
0.214340
9.354851
64.513349
11.821801
0.779962
0.228646
0.240198
0.126925
-0.220648
0.261851
-0.190665
0.234792
0.208505
-0.211313
0.047485
0.218523
0.179441
0.250280
-0.070804
0.116552
-0.091581
0.027504
0.030487
-0.025061
0.221547
0.434713
-0.087716
0.119980
0.000854
-0.014512
-0.043285
-0.017311
0.009400
0.145035
-0.076866
0.146145
-0.035299
-0.124509
-0.140875
0.186482
-0.144342
-0.016420
-0.078055
-0.060134
-0.293342
-0.193698
0.030629
-0.151273
0.063903
-0.137636
0.028380
0.077589
-0.228324
-0.090098
-0.100235
-0.032142
-0.151541
-0.068023
0.544495
