-0.146339
-0.645408
-0.590971
-0.669692
-0.563879
-0.592967
-0.659009
-0.645387
-0.592621
-0.497969
-0.555850
-0.576949
-0.578377
-0.557578
-0.453883
-0.484682
-0.555863
-0.634470
-0.653074
-0.580902
-0.693779
-0.394346
-0.701032
-0.612154
-0.639719
-0.514117
-0.633910
-0.325702
-0.648129
-0.416143
-0.572400
-0.576022
-0.521905
-0.417188
-0.359875
-0.597506
-0.440652
-0.322516
-0.456497
-0.402820
-0.330719
-0.351422
-0.250148
-0.248100
-0.334989
-0.271972
-0.277083
-0.249240
0.241594
-0.275218
-0.091470
-0.201254
-0.190649
-0.528274
-0.232687
-0.035275
-0.434318
0.074774
0.400578
-0.003992
-0.190143
-0.072761
0.093759
-0.143398
0.402470
-0.170578
0.464356
0.031958
0.275908
0.203218
9.325359
64.845762
11.799245
0.646914
0.154725
0.162556
0.106328
-0.221570
0.158585
-0.256919
0.237033
0.048820
-0.166108
0.067682
0.163974
0.094871
0.560160
0.005404
0.127949
-0.088594
0.018893
0.042769
-0.043680
0.092030
0.678594
0.006442
0.062321
0.039098
-0.012082
-0.030012
-0.016986
-0.017196
0.084488
-0.032421
0.104476
-0.071967
-0.122266
-0.140634
0.170000
-0.004397
-0.005131
0.099066
-0.034882
-0.082161
-0.190821
0.050969
-0.002176
0.012258
-0.061550
0.295247
0.042112
-0.111196
0.049935
-0.069160
0.094912
-0.143488
-0.057058
0.556592
