-0.191113
-0.506385
-0.690776
-0.705642
-0.720771
-0.682878
-0.605869
-0.662472
-0.672567
-0.377896
-0.591688
-0.572080
-0.628181
-0.636385
-0.428960
-0.388750
-0.652721
-0.583281
-0.512310
-0.684775
-0.684789
-0.390297
-0.593209
-0.608073
-0.661760
-0.483126
-0.556002
-0.426611
-0.719982
-0.466269
-0.510449
-0.519101
-0.539990
-0.444005
-0.364915
-0.756200
-0.483647
-0.263693
-0.418392
-0.338049
-0.132896
-0.195335
-0.243090
-0.265181
-0.371013
-0.285917
-0.269896
-0.026496
0.078584
-0.323070
-0.043246
-0.145198
-0.092936
-0.536225
-0.167842
0.141477
-0.253780
0.089773
0.298988
0.099786
-0.026371
-0.027649
0.035988
-0.119501
0.349412
-0.118554
0.531514
0.002062
0.349061
0.021962
9.502452
65.199972
11.932849
0.641040
0.193055
0.116551
0.164105
-0.254666
0.146383
-0.254641
0.272181
0.112959
-0.158320
0.065662
0.093881
0.217714
0.436315
-0.111616
0.167784
0.031244
0.025708
0.040576
0.075107
0.211781
0.512899
-0.094689
0.136164
0.025090
-0.028319
0.026854
0.067756
0.027500
0.001521
-0.031815
0.061363
-0.085217
-0.189385
-0.120747
0.090996
-0.048423
-0.022318
0.034963
-0.057930
-0.190396
-0.105955
0.031843
-0.201104
0.075010
-0.307550
0.164397
0.014805
-0.074465
0.015852
-0.251081
0.074910
-0.229505
-0.186090
0.564615
