-0.806969
-0.553247
-0.688674
-0.583903
-0.706840
-0.647890
-0.441070
-0.715239
-0.383866
-0.429813
-0.759366
-0.271413
-0.536382
-0.776206
-0.476745
-0.384658
-0.330024
-0.628186
-0.671981
-0.634778
-0.666746
-0.354198
-0.582041
-0.664138
-0.472842
-0.441046
-0.650790
-0.486425
-0.374292
-0.361312
-0.459550
-0.461070
-0.474847
-0.428955
-0.105149
-0.384630
-0.317658
-0.171686
-0.393455
-0.247879
-0.135749
-0.213366
-0.025239
-0.101174
-0.265932
-0.201936
-0.187971
-0.177263
-0.099780
-0.113398
-0.018400
-0.145148
0.041904
-0.288599
-0.080765
0.048678
-0.134832
0.081959
0.063665
0.207872
-0.043345
0.160164
0.161869
0.080410
0.057154
0.115130
0.402733
0.049138
0.459886
0.012010
5.403300
46.401138
7.178503
0.348395
0.279029
0.247581
0.195195
-0.080837
0.080382
0.017026
0.477075
0.102961
0.092595
0.086722
0.275877
0.227763
0.120079
0.001280
0.187777
0.010365
0.131734
0.190492
0.194105
0.258886
0.132719
0.103325
0.186288
0.080009
0.219490
0.166727
0.011907
0.255495
0.415081
0.258058
0.185332
0.053825
0.095281
-0.103929
0.380669
0.037610
0.114650
0.072983
0.268732
0.141308
-0.163799
0.239615
0.121527
0.201922
0.080202
-0.013452
0.286667
0.077440
0.137816
-0.003124
0.034857
-0.009585
0.050920
0.073454
