-0.666555
-0.635907
-0.688260
-0.739267
-0.650406
-0.673517
-0.638535
-0.696975
-0.480340
-0.460584
-0.801439
-0.462602
-0.597988
-0.611122
-0.605273
-0.466271
-0.470349
-0.534868
-0.600665
-0.625388
-0.644360
-0.338908
-0.517736
-0.644656
-0.532512
-0.469738
-0.586499
-0.355251
-0.541659
-0.299007
-0.473177
-0.496705
-0.528458
-0.376727
-0.327562
-0.377213
-0.466210
-0.260224
-0.489939
-0.268572
-0.177345
-0.230009
-0.085833
-0.254711
-0.340561
-0.196470
-0.270509
-0.034030
-0.145582
-0.152890
-0.013959
-0.093862
-0.024424
-0.202981
-0.154262
0.090998
-0.135316
-0.012617
0.096624
0.198385
-0.034906
0.131648
0.146165
0.064948
0.146138
-0.021182
0.471996
0.057564
0.625323
0.101104
6.540781
51.387254
8.635648
0.552903
0.293243
0.128104
-0.011187
-0.211188
0.116616
-0.156794
0.638360
0.159286
0.057176
0.188148
0.351244
0.240092
0.074237
-0.029277
0.294307
-0.134035
0.154182
0.079175
0.149354
0.273351
0.198676
0.143684
0.117640
0.240360
0.133090
0.117390
0.127280
0.186923
0.282796
0.029686
0.117118
0.017463
0.194042
0.044540
0.271478
0.004245
0.007413
0.250387
0.173349
0.056090
-0.104327
0.146185
-0.042668
0.210552
-0.017170
-0.013942
0.100486
-0.013950
0.114455
-0.008604
0.065413
-0.057977
-0.003566
0.079738
