-0.456191
-0.582965
-0.642506
-0.651559
-0.715614
-0.641770
-0.565785
-0.488357
-0.586531
-0.310784
-0.676389
-0.626898
-0.618201
-0.650094
-0.621414
-0.544309
-0.452766
-0.518146
-0.622723
-0.593663
-0.687493
-0.518898
-0.520946
-0.597981
-0.589616
-0.377974
-0.755386
-0.359421
-0.637007
-0.331162
-0.458298
-0.498887
-0.534723
-0.266034
-0.186949
-0.423716
-0.454458
-0.234416
-0.350301
-0.398654
-0.235348
-0.232120
-0.174868
-0.096104
-0.265941
-0.210764
-0.193826
0.022852
-0.121607
-0.263042
0.072740
-0.138959
0.042097
-0.148657
-0.093569
-0.159822
-0.172516
0.109056
-0.097099
0.283956
-0.101981
0.009526
0.084097
0.091492
0.182203
-0.000512
0.339116
0.121242
0.633909
0.270730
7.945188
57.160327
10.175805
0.633175
0.323170
0.093886
0.215426
-0.094604
0.219465
-0.221464
0.559165
0.183069
-0.058199
0.101921
0.176085
0.197066
0.115276
-0.098463
0.193069
-0.072144
0.175807
0.004978
0.068346
0.201205
0.209876
-0.121352
0.151510
0.256049
0.095774
0.090034
0.027138
0.104757
0.262344
-0.058491
0.110667
0.020985
-0.063335
-0.164547
0.218965
-0.157951
0.090876
0.177150
0.078095
0.013586
-0.311261
0.120996
-0.155045
0.107360
-0.172484
-0.021980
0.042065
-0.064137
-0.141605
-0.248912
-0.015658
-0.146351
-0.154697
-0.024946
