-0.564582
-0.566397
-0.725675
-0.558975
-0.599016
-0.548307
-0.446237
-0.668555
-0.510859
-0.273396
-0.522842
-0.415501
-0.334736
-0.630496
-0.499075
-0.390830
-0.524897
-0.499685
-0.704908
-0.604075
-0.694863
-0.377470
-0.645180
-0.426421
-0.594836
-0.456372
-0.688957
-0.400747
-0.494391
-0.425405
-0.429736
-0.470306
-0.529176
-0.309334
-0.225172
-0.288830
-0.418740
-0.286735
-0.293809
-0.389049
-0.294937
-0.089724
-0.250196
-0.228216
-0.265189
-0.231109
-0.132242
-0.140469
-0.247165
-0.127655
0.138208
-0.107360
0.022698
-0.207662
-0.231944
0.024411
-0.315824
0.070641
0.065030
0.028816
-0.057444
0.044117
0.162744
-0.039766
0.008635
0.005197
0.405384
-0.013893
0.499651
0.288511
8.606863
59.168281
11.017349
0.797796
0.230887
0.087553
0.075126
-0.193869
0.275065
-0.180892
0.284078
0.216684
-0.095604
0.053561
0.090735
0.169574
0.079348
0.006067
0.140662
-0.193570
0.059554
-0.042380
0.126769
0.081793
0.122053
-0.121709
0.058257
0.118792
0.038401
0.067491
0.009750
-0.023454
0.201168
-0.045830
-0.008529
-0.110307
-0.082590
0.006888
0.277537
-0.127284
-0.046432
-0.011022
0.064785
-0.093578
-0.310744
0.072703
-0.022435
-0.023968
-0.224828
0.011225
0.010638
-0.129680
-0.086136
-0.139282
0.017642
-0.183653
-0.326791
-0.000913
