-0.504691
-0.360777
-0.641869
-0.606001
-0.656083
-0.599178
-0.537334
-0.677491
-0.536045
-0.395183
-0.535988
-0.490461
-0.532738
-0.617702
-0.360230
-0.524861
-0.578959
-0.648385
-0.632313
-0.667050
-0.659990
-0.366521
-0.642363
-0.423595
-0.533098
-0.593254
-0.585977
-0.270998
-0.618371
-0.291508
-0.488719
-0.531373
-0.408366
-0.431521
-0.227351
-0.311883
-0.353913
-0.273886
-0.382817
-0.343190
-0.322063
-0.281626
-0.208358
-0.132559
-0.210344
-0.276320
-0.312140
-0.103604
-0.108483
-0.299407
-0.100580
-0.207494
0.044572
-0.104825
-0.177055
-0.034496
-0.219019
0.104458
-0.072031
0.247611
-0.039639
0.050039
0.058724
0.082093
0.115390
-0.051833
0.357271
0.179738
0.389643
0.328383
8.748489
60.512700
11.277894
0.661764
0.276685
0.265302
0.082923
-0.246888
0.212994
-0.306898
0.472811
0.126693
-0.159576
0.047419
0.160615
0.100561
0.030299
-0.102881
0.154580
-0.240663
0.032559
0.132341
0.078766
0.207677
0.125926
-0.019942
0.015159
0.105696
-0.021530
-0.035413
-0.107422
0.125207
0.258905
0.038979
0.071191
-0.014447
-0.031672
0.004793
0.210593
-0.164504
-0.101557
0.058800
0.135725
-0.036696
-0.335860
0.127420
-0.051389
-0.064120
-0.288831
-0.052823
0.047722
-0.225660
-0.059327
-0.162352
-0.092321
-0.259621
-0.021281
-0.046847
