-0.343293
-0.429919
-0.621204
-0.685196
-0.586462
-0.559535
-0.685350
-0.585810
-0.613143
-0.312440
-0.614260
-0.474829
-0.495038
-0.725757
-0.375577
-0.394339
-0.575168
-0.545778
-0.522658
-0.589301
-0.619288
-0.379890
-0.570549
-0.515777
-0.549309
-0.450521
-0.581484
-0.408030
-0.558726
-0.330752
-0.602826
-0.619471
-0.502474
-0.283563
-0.203479
-0.343189
-0.395212
-0.203142
-0.334973
-0.339498
-0.207203
-0.183929
-0.227472
-0.230525
-0.322504
-0.144479
-0.232436
-0.152648
-0.033619
-0.237732
-0.084711
-0.172644
0.000549
-0.296846
-0.204109
-0.057949
-0.238094
0.204256
0.090593
0.133566
-0.086796
-0.002150
0.075429
0.154915
0.143351
-0.040079
0.373165
0.132625
0.382721
0.200325
8.876975
61.423300
11.341158
0.684392
0.132766
0.173060
-0.045986
-0.231032
0.187845
-0.457919
0.351935
0.129468
-0.175706
0.012322
0.177441
0.050467
0.161185
-0.009263
0.095467
-0.215829
-0.014577
-0.032744
0.024658
0.102568
0.040019
-0.069155
0.080871
0.109702
-0.050680
-0.007530
-0.088512
0.079135
0.154988
0.044655
-0.017880
-0.022590
0.033969
-0.087392
0.284303
-0.109833
-0.117527
0.160584
-0.001414
-0.152768
-0.235267
0.043438
-0.109768
-0.030195
-0.100146
0.025062
0.008401
-0.065850
0.000371
0.012105
-0.034454
-0.227911
-0.137408
0.061653
