6506.000000
8989.000000
9652.000000
9603.000000
9398.000000
9396.000000
9064.000000
9322.000000
9540.000000
9828.000000
9827.000000
10164.000000
10459.000000
10813.000000
11101.000000
11666.000000
11957.000000
12336.000000
12496.000000
12659.000000
12993.000000
13353.000000
13459.000000
13914.000000
13998.000000
14479.000000
14613.000000
15255.000000
15453.000000
16035.000000
16118.000000
16396.000000
16490.000000
16810.000000
16825.000000
17189.000000
17157.000000
17675.000000
17697.000000
18070.000000
18032.000000
18317.000000
18183.000000
18592.000000
18555.000000
18764.000000
18832.000000
19132.000000
18019.000000
18899.000000
18881.000000
19006.000000
19165.000000
19051.000000
18775.000000
19116.000000
18957.000000
18775.000000
17572.000000
18864.000000
18431.000000
18306.000000
18338.000000
18218.000000
17229.000000
17776.000000
17164.000000
17561.000000
17636.000000
17396.000000
16757.000000
16717.000000
16367.000000
16263.000000
15806.000000
15577.000000
15116.000000
15319.000000
14677.000000
14485.000000
13911.000000
13811.000000
13438.000000
13517.000000
13021.000000
12718.000000
11513.000000
11924.000000
11555.000000
11215.000000
10974.000000
10683.000000
10074.000000
9873.000000
8935.000000
9292.000000
8702.000000
8549.000000
8122.000000
7773.000000
7345.000000
7144.000000
6907.000000
6574.000000
6264.000000
6018.000000
5694.000000
5393.000000
5275.000000
4949.000000
4775.000000
4466.000000
4433.000000
4320.000000
3983.000000
3892.000000
3671.000000
3608.000000
3385.000000
3326.000000
3354.000000
3294.000000
3277.000000
3430.000000
3263.000000
3357.000000
3237.000000
2851.000000
