-0.358151
-0.591057
-0.687457
-0.594580
-0.655298
-0.662399
-0.709361
-0.648740
-0.630192
-0.424278
-0.565335
-0.614720
-0.503875
-0.494890
-0.494113
-0.457492
-0.677902
-0.578098
-0.528419
-0.707666
-0.634139
-0.433335
-0.614609
-0.529955
-0.547472
-0.511540
-0.543919
-0.354194
-0.550531
-0.338410
-0.444858
-0.516319
-0.570315
-0.397580
-0.141552
-0.170518
-0.343000
-0.246281
-0.378851
-0.253694
-0.348955
-0.276610
-0.144502
-0.045029
-0.240351
-0.257448
-0.289431
-0.093874
-0.060032
-0.279559
0.001307
-0.038574
-0.140823
-0.227997
-0.120836
0.118345
-0.218840
0.269363
-0.152609
0.282497
-0.113652
0.024942
0.119563
0.103997
0.038061
-0.019004
0.384091
0.153212
0.357577
0.119090
9.059923
62.339305
11.494964
0.724700
0.208526
0.211859
0.082941
-0.115002
0.216636
-0.318712
0.429931
0.147793
0.009378
0.102418
-0.007200
0.101823
0.042086
0.012677
0.148747
-0.119648
0.144373
0.029177
-0.020801
0.164351
0.058493
-0.069930
0.194599
0.182978
-0.054613
0.015607
-0.162344
0.025274
0.112135
-0.055558
0.129350
-0.047309
0.013053
-0.161070
0.201048
-0.144264
-0.100351
-0.146443
-0.002357
-0.069700
-0.340523
0.035512
-0.113399
-0.045253
-0.223357
-0.100224
0.049546
-0.213394
-0.088164
-0.099440
-0.071710
-0.256702
-0.069631
0.067269
