-0.281619
-0.512207
-0.533698
-0.619566
-0.596754
-0.716761
-0.529012
-0.631287
-0.515646
-0.542685
-0.481644
-0.554100
-0.470311
-0.609080
-0.557630
-0.346662
-0.446883
-0.694051
-0.370079
-0.697668
-0.652564
-0.411136
-0.542033
-0.467120
-0.477700
-0.549917
-0.650566
-0.384410
-0.552009
-0.394058
-0.510267
-0.499970
-0.577797
-0.377962
-0.216782
-0.325316
-0.320538
-0.225494
-0.460238
-0.313741
-0.371515
-0.247273
-0.236794
-0.099966
-0.208954
-0.241791
-0.214911
-0.101178
-0.195758
-0.390957
-0.100129
-0.104973
-0.101893
-0.190394
-0.271431
-0.032059
-0.295445
0.046212
-0.000733
0.114222
-0.035222
0.007494
0.171007
-0.099180
0.016971
0.005495
0.275945
0.141287
0.366099
0.229782
9.248356
63.571968
11.727729
0.835969
0.227195
0.186802
0.133340
-0.209436
0.211457
-0.232604
0.319476
0.171029
-0.190985
0.066906
0.068005
0.107952
-0.117971
-0.067456
0.118038
-0.106348
0.065949
0.044840
-0.033734
0.090182
0.011534
-0.042493
0.199434
0.040336
-0.049194
-0.128845
0.071776
0.097675
0.173457
0.051289
0.155603
-0.098944
-0.054228
-0.104734
0.131077
0.058650
-0.058140
0.083975
0.028114
-0.052314
-0.178715
0.099934
-0.049150
0.025235
-0.294364
-0.187166
-0.033911
-0.273154
-0.049888
-0.101994
-0.181725
-0.159452
-0.042779
0.031413
