-0.149948
-0.637546
-0.672872
-0.558112
-0.574095
-0.769049
-0.565335
-0.519804
-0.559974
-0.469242
-0.453073
-0.679346
-0.442822
-0.543618
-0.481076
-0.377068
-0.531087
-0.583628
-0.543440
-0.747901
-0.685001
-0.352565
-0.650420
-0.584495
-0.568111
-0.534345
-0.679037
-0.401774
-0.576492
-0.427511
-0.505808
-0.532406
-0.556180
-0.489280
-0.273353
-0.492984
-0.396969
-0.231973
-0.366819
-0.321292
-0.300977
-0.237767
-0.097449
-0.219460
-0.313354
-0.320137
-0.135388
-0.079764
-0.190870
-0.347406
-0.072659
-0.043607
-0.098356
-0.287007
-0.080143
0.031315
-0.192173
0.179474
0.003406
0.130510
-0.170572
0.014979
0.119623
0.007057
0.076866
0.001938
0.201690
0.004892
0.298675
0.214472
9.104356
63.821815
11.750601
0.652665
0.242716
0.188341
0.095991
-0.109052
0.135066
-0.272911
0.369823
0.008683
0.005234
0.137391
0.106728
0.172472
0.055963
-0.062878
0.122603
-0.114718
-0.009510
0.039449
0.039760
0.253537
0.024731
-0.041827
0.164927
0.018804
-0.073536
0.049522
0.072512
0.102219
0.140054
-0.016030
0.077247
-0.091385
-0.158668
-0.072155
0.163604
0.009429
0.001487
-0.032073
0.081619
-0.076711
-0.191962
0.031608
-0.175322
0.100808
-0.201705
-0.231136
-0.069292
-0.023710
0.028762
-0.152323
-0.109041
-0.080827
-0.050169
0.256268
