-0.105650
-0.603226
-0.671609
-0.562650
-0.669663
-0.568079
-0.584875
-0.628224
-0.634520
-0.530805
-0.591485
-0.640142
-0.497286
-0.625176
-0.513724
-0.435556
-0.549697
-0.569245
-0.530996
-0.724745
-0.571759
-0.406123
-0.711962
-0.550155
-0.670591
-0.444109
-0.555859
-0.485420
-0.667982
-0.415189
-0.526375
-0.523026
-0.425998
-0.453042
-0.270923
-0.334692
-0.480495
-0.281487
-0.412337
-0.284901
-0.226675
-0.229315
-0.298748
-0.225079
-0.236063
-0.337821
-0.224810
-0.175153
0.112740
-0.381098
-0.174192
-0.146000
-0.078937
-0.262444
-0.145579
0.077681
-0.184592
0.131973
0.298061
0.182938
-0.239138
-0.018553
0.087028
-0.070369
0.313650
-0.068473
0.290685
0.035181
0.237106
0.114929
9.254332
64.193766
11.785863
0.844825
0.218175
0.377524
0.015408
-0.191511
0.182341
-0.351502
0.320352
0.130867
-0.106137
0.076868
-0.018857
0.213854
0.298563
-0.114548
0.113953
-0.086426
0.012785
-0.029139
-0.058712
0.190108
0.345103
-0.120450
0.085455
0.073076
0.021653
0.158838
-0.018961
-0.042171
0.263332
-0.100583
0.108535
0.035814
-0.184333
-0.010802
0.132974
-0.160041
-0.041118
0.039071
0.086077
-0.030406
-0.178630
0.084882
-0.074249
0.034309
-0.107593
-0.124423
-0.004123
-0.183117
-0.069814
-0.181031
-0.229778
-0.143355
-0.202663
0.210360
