-0.044903
-0.541245
-0.626679
-0.674664
-0.637807
-0.626884
-0.528120
-0.697354
-0.733506
-0.364903
-0.596624
-0.580149
-0.677288
-0.608380
-0.349095
-0.421540
-0.706626
-0.675213
-0.554971
-0.744768
-0.647620
-0.537033
-0.552140
-0.532203
-0.552835
-0.545060
-0.599788
-0.439499
-0.691153
-0.370189
-0.461583
-0.606984
-0.644821
-0.367177
-0.361963
-0.545294
-0.465514
-0.326551
-0.313521
-0.245947
-0.379565
-0.200369
-0.289931
-0.228131
-0.218127
-0.316841
-0.297897
-0.152214
0.218477
-0.236277
-0.042337
-0.216136
-0.161896
-0.368343
-0.235659
0.010720
-0.220702
0.018973
0.331773
0.103009
-0.102173
-0.000685
0.111880
-0.105336
0.451517
-0.101588
0.422642
-0.108619
0.353997
0.212769
9.426021
64.848984
11.841577
0.685996
0.370060
0.185582
0.099301
-0.281575
0.146421
-0.245616
0.326201
0.117920
-0.169263
-0.054146
0.064112
0.061781
0.536166
0.042204
0.127895
-0.093508
0.018858
0.033724
-0.065860
0.235830
0.588763
-0.227501
0.130238
-0.029867
-0.087269
0.067894
-0.051104
0.072599
0.072466
-0.086647
0.160390
-0.124977
-0.025422
-0.118794
0.078929
-0.085345
-0.129121
-0.066797
0.076887
-0.128387
-0.251675
0.046840
-0.238106
0.054120
-0.128732
0.179522
-0.097987
-0.089399
-0.078877
-0.090208
0.086856
-0.118546
-0.170791
0.345053
