-0.891600
-0.627196
-0.616758
-0.627689
-0.573970
-0.588017
-0.554859
-0.615511
-0.501555
-0.453921
-0.892569
-0.238214
-0.521434
-0.751361
-0.397914
-0.398679
-0.379744
-0.448489
-0.558176
-0.567867
-0.634756
-0.346263
-0.506178
-0.455408
-0.626618
-0.465073
-0.625839
-0.378690
-0.403123
-0.405211
-0.530403
-0.461095
-0.395026
-0.374139
-0.244859
-0.332664
-0.373601
-0.223563
-0.322532
-0.251939
-0.197617
-0.208390
-0.244809
-0.157107
-0.192138
-0.104015
-0.156010
-0.091413
-0.047088
-0.187136
0.044565
-0.129197
0.193852
-0.039747
-0.047756
0.085612
-0.142655
0.168760
0.089251
0.316803
-0.010318
0.090405
0.040039
0.183372
0.121743
0.064429
0.418679
0.134048
0.627798
0.099663
3.564242
39.228232
5.109888
0.163124
0.110241
0.242640
0.198246
-0.081671
0.068322
0.354004
0.420281
0.179834
0.205560
0.252563
0.301913
0.160884
0.229617
0.017306
0.380673
-0.047418
0.252608
0.185719
0.038267
0.303921
0.175302
0.080416
0.106377
0.193938
0.198691
0.283752
0.183697
0.149712
0.347444
0.107405
0.393280
0.263653
0.319339
0.049028
0.530715
0.183565
0.305570
0.218918
0.165106
0.229474
-0.090768
0.119976
0.161733
0.244122
0.035468
0.084507
0.368782
0.036686
0.205941
0.171687
0.100957
0.106388
-0.029813
0.227082
