-0.685909
-0.630008
-0.718282
-0.577527
-0.593744
-0.558745
-0.601718
-0.509270
-0.630614
-0.350759
-0.720306
-0.475123
-0.464196
-0.629992
-0.509596
-0.487339
-0.439658
-0.578137
-0.591882
-0.654543
-0.635445
-0.418009
-0.574939
-0.453170
-0.559548
-0.660701
-0.637457
-0.501238
-0.496127
-0.405976
-0.479269
-0.533825
-0.431841
-0.403907
-0.395726
-0.353541
-0.319461
-0.235446
-0.332229
-0.328658
-0.296379
-0.114308
-0.162882
-0.265817
-0.270862
-0.193666
-0.178862
-0.138123
-0.089600
-0.201098
0.016719
-0.116913
0.006150
-0.172391
-0.165427
0.026870
-0.168615
0.063194
-0.001142
0.160134
0.020851
-0.058396
0.218025
0.088689
0.092256
0.003512
0.297002
0.044383
0.363187
0.150067
7.343666
54.617207
9.513380
0.613357
0.194358
0.181945
-0.005367
-0.094546
0.231592
-0.199398
0.563147
0.192179
-0.017269
0.217810
0.216193
0.222026
-0.021749
0.065438
0.213021
0.023661
0.259749
0.071924
-0.003659
0.177262
0.182849
0.011546
0.157511
0.090214
0.149758
0.187890
-0.026870
0.113753
0.211562
0.094335
0.084801
0.054025
0.018672
-0.082625
0.285018
-0.020161
0.061934
0.210028
0.137058
0.003517
-0.143493
0.113026
-0.015111
0.082397
-0.188275
0.052832
0.126067
-0.031300
0.045126
-0.104882
-0.035722
0.031573
-0.160550
-0.047920
